NL191
T0 = 3.034130755422791
T1 = -11.203550294311375