tl
T0 = 1.4426950408889625
T1 = -1.4426950408889625